55971840
55971840
56242176
56242176
56242176
56242176
56242176
56242176
56512512
56512512
56512512
56029184
56029184
56029184
56029184
56299520
56299520
56299520
56299520
56299520
56299520
56569856
56569856
56012800
56012800
56283136
56283136
56283136
56283136
56283136
56283136
56553472
56553472
56553472
56553472
56553472
56553472
56823808
56823808
56823808
56823808
56823808
56315904
56315904
56315904
56586240
56586240
56586240
56586240
56586240
56586240
56856576
57126912
57126912
56619008
56619008
56619008
56619008
56619008
56619008
56889344
56889344
56889344
56889344
56889344
56889344
57159680
57159680
57159680
57159680
57159680
57159680
57430016
56872960
56872960
56872960
56872960
56872960
56872960
57143296
57143296
57143296
57143296
57143296
57143296
57413632
57413632
57413632
58224640
58494976
58494976
58494976
59035648
59035648
59035648
59035648
59035648
59035648
59035648
59035648
59035648
59035648
59035648
59035648
59035648
59035648
59035648
59035648
59035648
59035648
59035648
59305984
59305984
59305984
59305984
59305984
59305984
59305984
59305984
59305984
59305984
59576320
59576320
59576320
59576320
59576320
59576320
59846656
59846656
59846656
59846656
59846656
59846656
60116992
60116992
60116992
60116992
60116992
60116992
60387328
60387328
60387328
60387328
60387328
60387328
60387328
60387328
60387328
60387328
60387328
60387328
61198336
61198336
61198336
61198336
61198336
61468672
61468672
61468672
61468672
61468672
61468672
62009344
62009344
62009344
62009344
62009344
62009344
62009344
62009344
62009344
62009344
62009344
62009344
62009344
62009344
62009344
62009344
62009344
62009344
62009344
62009344
62009344
62009344
62009344
62009344
62009344
62009344
62009344
62009344
62009344
62009344
62009344
62009344
62009344
62009344
62009344
62009344
62009344
62279680
62279680
62279680
62279680
62279680
62279680
62279680
62279680
62279680
62279680
62279680
62279680
62279680
62279680
62279680
62279680
62279680
62279680
62279680
62279680
62279680
62279680
62279680
62279680
62279680
62279680
62279680
62279680
62279680
62279680
62279680
62279680
62279680
62279680
62279680
62820352
62820352
62820352
62820352
62820352
62820352
62820352
62820352
62820352
62820352
62820352
62820352
62820352
62820352
62820352
62820352
62820352
62820352
62820352
62820352
62820352
62820352
62820352
62820352
62820352
62820352
62820352
62820352
62820352
62820352
62820352
62820352
62820352
62820352
62820352
62820352
62820352
63090688
63090688
63090688
63090688
63090688
63090688
63361024
63361024
63361024
63361024
63361024
63361024
63631360
63631360
63631360
63631360
63631360
63631360
63901696
63901696
63901696
63901696
63901696
63901696
64172032
64172032
64172032
64172032
64172032
64172032
64442368
64442368
64442368
64442368
64442368
64442368
64712704
64712704
64712704
64712704
64712704
64712704
64983040
64983040
65523712
65523712
65523712
65523712
65523712
65523712
65523712
65523712
65523712
65523712
65523712
65523712
65523712
65523712
65523712
65523712
65523712
65523712
65523712
65523712
65523712
65789952
65789952
65789952
66060288
66060288
64962560
64962560
64962560
64962560
64962560
64962560
65228800
65228800
65228800
65228800
65228800
65228800
65499136
65499136
65499136
65499136
65499136
65499136
65769472
65769472
65769472
65769472
65769472
65769472
66039808
66039808
66039808
66039808
66039808
66039808
66310144
66310144
66310144
66310144
66310144
66310144
66580480
66580480
66580480
66580480
66580480
66580480
67928064
67928064
67928064
66564096
66564096
66564096
66564096
66564096
66564096
66564096
66564096
66564096
66564096
66564096
66564096
66564096
66564096
66564096
66830336
66830336
67100672
67100672
67100672
67100672
67100672
67100672
67100672
67100672
67100672
67100672
67100672
67100672
67100672
67100672
67100672
67100672
67100672
67100672
67100672
67100672
67100672
67100672
67100672
67100672
67100672
67100672
67100672
67100672
67100672
67100672
67100672
67100672
67100672
67100672
67100672
67100672
67100672
67100672
67100672
67100672
67100672
67100672
67100672
67100672
67100672
67100672
67100672
67100672
67100672
67100672
67100672
67911680
67911680
67911680
67911680
68182016
68182016
68182016
68182016
68182016
68182016
68182016
68182016
68182016
68182016
68182016
68182016
68452352
68452352
68452352
68452352
68452352
68452352
68452352
68452352
68452352
68452352
68452352
68452352
68452352
68452352
68452352
68452352
68452352
68452352
68452352
68452352
68452352
68452352
68452352
68452352
68452352
68452352
68452352
68452352
68452352
68452352
68452352
68452352
68452352
68452352
68452352
68452352
68452352
68452352
68452352
68452352
68452352
68452352
68452352
68452352
68452352
68452352
68452352
68452352
68452352
68452352
68452352
68452352
68452352
68452352
68452352
68452352
68452352
68452352
68452352
68452352
68722688
68722688
68722688
68722688
68722688
68722688
68993024
68993024
68993024
68993024
68993024
68993024
69263360
69263360
69263360
69263360
69263360
69263360
69533696
69533696
69533696
69533696
69533696
69533696
69804032
69804032
69804032
69804032
69804032
69804032
70074368
70074368
70074368
70074368
70074368
70074368
70344704
70344704
70344704
70344704
70344704
70344704
70615040
70615040
70615040
70615040
70615040
70615040
70885376
70885376
70885376
70885376
70885376
70885376
71155712
71155712
71155712
71155712
71155712
71155712
71426048
71426048
71426048
71426048
71426048
71426048
71696384
71696384
71696384
71696384
71696384
71696384
71966720
71966720
71966720
71966720
71966720
71966720
72237056
72237056
72503296
72503296
72503296
72503296
72773632
72773632
73584640
73584640
73584640
73584640
73584640
73584640
73584640
73584640
73584640
73584640
73584640
73584640
73584640
73584640
73584640
73584640
73584640
73584640
73584640
73584640
73584640
73584640
73584640
73584640
73584640
73584640
73584640
73584640
73584640
73584640
73584640
73584640
73584640
73584640
73584640
73584640
73584640
73584640
73584640
73584640
73584640
73584640
73584640
73584640
73584640
73854976
73854976
73854976
73854976
73854976
73854976
74125312
74125312
74125312
74125312
74125312
74125312
74395648
74395648
74395648
74395648
74395648
74395648
74665984
74665984
74665984
74936320
74936320
74936320
75206656
75206656
75206656
75206656
75206656
75206656
75476992
75476992
75476992
75476992
75476992
75476992
75747328
75747328
75747328
75747328
75747328
75747328
76017664
76017664
76017664
76017664
76017664
76017664
76288000
76288000
76288000
76288000
76288000
76558336
76558336
76558336
76558336
76558336
76558336
76828672
76828672
76828672
76828672
76828672
76828672
77099008
77099008
77099008
77099008
77099008
83857408
83857408
83857408
83857408
83857408
83857408
83857408
83857408
83857408
83857408
83857408
83857408
83857408
83857408
83857408
83857408
83857408
83857408
83857408
83857408
83857408
83857408
83857408
83857408
83857408
83857408
83857408
83857408
83857408
83857408
83857408
83857408
83857408
83857408
83857408
83857408
83857408
83857408
83857408
83857408
83857408
83857408
83857408
83857408
83857408
83857408
83857408
83857408
83857408
83857408
83857408
83857408
83857408
83857408
83857408
83857408
83857408
83857408
83857408
83857408
83857408
83857408
83857408
83857408
83857408
83857408
83857408
83857408
83857408
83857408
83857408
83857408
83857408
83857408
83857408
83857408
83857408
83857408
83857408
83857408
83857408
83857408
83857408
83857408
83857408
83857408
83857408
83857408
83857408
83857408
83857408
83857408
83857408
83857408
83857408
83857408
83857408
83857408
83857408
83857408
83857408
83857408
83857408
83857408
83857408
83857408
83857408
83857408
83857408
83857408
83857408
83857408
83857408
83857408
83857408
84127744
84127744
84127744
84127744
84127744
84127744
84398080
84398080
84398080
84398080
84398080
84398080
84668416
84668416
87912448
88182784
88182784
88182784
88182784
88182784
88182784
88453120
88453120
88453120
88453120
88453120
88453120
88723456
88723456
88723456
88723456
88723456
88723456
88993792
88993792
88993792
88993792
88993792
88993792
89264128
89264128
89264128
89264128
89264128
89264128
89534464
89534464
89534464
89534464
89534464
89534464
89804800
89804800
89804800
89804800
89804800
89804800
90075136
90075136
90075136
90075136
90075136
90075136
90075136
90345472
90345472
90345472
90345472
90345472
90345472
90615808
90615808
90615808
90615808
90615808
90615808
90886144
90886144
90886144
90886144
90886144
90886144
91156480
91156480
91156480
91156480
91156480
91156480
91426816
91426816
91426816
91426816
91426816
91426816
91697152
91697152
91697152
91697152
91697152
91697152
91967488
91967488
91967488
91967488
91967488
91967488
91967488
92237824
92237824
92237824
92237824
92237824
92237824
92237824
92237824
92237824
92237824
92237824
92237824
92237824
92237824
92237824
92237824
92237824
92237824
92237824
92237824
92237824
92237824
92237824
92237824
92237824
92237824
92237824
92237824
92237824
92237824
92237824
92237824
92237824
92237824
92237824
92237824
92237824
92237824
92237824
92237824
92237824
92237824
92237824
92237824
92237824
92237824
92237824
