94941184
94941184
94941184
94941184
94941184
94941184
94941184
94941184
95211520
95211520
95211520
95211520
95211520
95211520
95211520
95211520
95211520
95211520
95211520
95481856
95481856
95481856
95481856
95481856
95481856
95481856
95481856
95481856
95481856
95752192
95752192
95752192
95752192
95752192
95752192
95752192
95752192
95752192
95752192
95752192
96022528
96022528
96022528
96022528
96022528
96022528
96022528
96022528
96022528
96022528
96292864
96292864
96292864
96292864
96292864
96292864
96292864
96292864
96292864
96292864
96563200
96563200
96563200
96563200
96563200
96563200
96563200
96563200
96563200
96563200
96563200
96833536
96833536
96833536
96833536
96833536
96833536
96833536
96833536
96833536
96833536
97103872
97103872
97103872
97103872
97103872
97103872
97103872
97103872
97103872
97103872
97103872
97374208
97374208
97374208
97374208
97374208
97374208
97374208
97374208
97374208
97374208
97644544
97644544
97644544
97644544
97644544
97644544
97644544
97644544
97644544
97644544
97644544
97914880
97914880
97914880
97914880
97914880
97914880
97914880
97914880
97914880
97914880
98185216
98185216
98185216
98185216
98185216
98185216
98185216
98185216
98185216
98185216
98185216
98455552
98455552
98455552
98455552
98455552
98455552
98455552
98455552
98455552
98455552
98725888
98725888
98725888
98725888
98725888
98725888
98725888
98725888
98725888
98725888
98725888
98996224
98996224
98996224
98996224
98996224
98996224
98996224
98996224
98996224
98996224
99266560
99266560
99266560
99266560
99266560
99266560
99266560
99266560
99266560
99266560
99266560
99536896
99807232
100077568
100347904
100347904
100347904
100347904
100347904
100618240
100618240
100618240
100618240
100618240
99565568
99565568
99565568
99565568
99565568
99565568
99565568
99565568
99835904
99835904
99835904
99835904
99835904
99835904
99835904
99835904
99835904
99835904
99835904
99835904
99835904
99835904
99835904
99835904
99835904
99835904
99835904
99835904
99835904
99835904
99835904
99835904
99835904
99835904
99835904
99835904
99835904
99835904
99835904
99835904
99835904
99835904
99835904
99835904
99835904
99835904
99835904
99835904
99835904
99835904
99835904
99835904
99835904
99835904
99835904
99835904
99835904
99835904
99835904
99835904
99835904
99835904
99835904
99835904
99835904
99835904
99835904
99835904
99835904
99835904
99835904
99835904
99835904
99835904
99835904
99835904
99835904
99835904
99835904
99835904
99835904
99835904
99835904
99835904
99835904
99835904
99835904
99835904
99835904
99835904
99835904
99835904
99835904
99835904
99835904
99835904
99835904
99835904
99835904
99835904
99835904
99835904
99835904
99835904
99835904
99835904
99835904
99835904
99835904
99835904
99835904
99835904
99835904
99835904
99835904
99835904
99835904
99835904
99835904
99835904
99835904
99835904
99835904
99835904
99835904
99835904
99835904
99835904
99835904
99835904
99835904
99835904
99835904
99835904
99835904
99835904
99835904
99835904
99835904
99835904
99835904
99835904
99835904
99835904
100106240
100106240
100106240
100106240
100106240
100106240
100376576
100376576
100376576
100376576
100376576
100376576
100376576
100376576
100376576
100376576
100376576
100376576
100376576
100646912
100646912
100646912
100646912
100646912
100646912
99094528
99094528
99094528
99094528
99094528
99094528
99094528
99094528
99094528
99094528
99094528
99094528
99094528
99094528
99094528
99094528
99094528
99094528
99094528
99094528
99094528
99094528
99094528
99094528
99094528
99094528
99094528
99094528
99094528
99094528
99094528
99094528
99094528
99094528
99094528
99094528
99094528
99094528
99094528
99094528
99094528
99094528
99094528
99094528
99094528
99094528
99094528
99094528
99094528
99094528
99094528
99094528
99094528
99094528
99094528
99094528
99094528
99094528
99094528
99094528
99094528
99094528
99094528
99094528
99094528
99094528
99094528
99094528
99094528
99094528
99094528
99094528
99094528
99094528
99094528
99094528
99094528
99094528
99094528
99094528
99094528
99094528
99094528
99094528
99094528
99094528
99364864
99364864
99364864
99364864
99364864
99364864
99364864
99364864
99364864
99364864
99364864
99364864
99364864
99364864
99364864
99364864
99364864
99364864
99364864
99364864
99364864
99364864
99364864
99364864
99364864
99364864
99364864
99364864
99364864
99364864
99364864
99364864
99364864
99364864
99364864
99364864
99364864
99364864
99364864
99364864
99364864
99364864
99364864
99364864
99364864
99364864
99364864
99364864
99364864
99364864
99364864
99364864
99364864
99364864
99364864
99364864
99364864
99364864
99364864
99364864
99364864
99364864
99364864
99364864
99364864
99364864
99364864
99364864
99364864
99364864
99364864
99364864
99364864
99364864
99631104
99631104
99631104
99631104
99631104
99631104
99631104
99631104
99631104
99631104
99631104
99631104
99631104
99631104
99631104
99631104
99631104
99631104
99631104
99631104
99631104
99631104
99631104
99631104
99631104
99631104
99631104
99631104
99631104
99631104
99631104
99631104
99631104
99631104
99631104
99631104
99631104
99631104
99631104
99631104
99631104
99631104
99631104
99631104
99631104
99631104
99631104
99631104
99631104
99631104
99631104
99631104
99631104
99631104
99631104
99631104
99631104
99631104
99631104
99631104
99631104
99631104
99631104
99631104
99631104
99631104
99631104
99631104
99631104
99631104
99631104
99631104
99631104
99631104
99631104
99631104
99631104
99631104
99631104
99631104
99631104
99631104
99631104
99631104
99631104
99631104
99631104
99631104
99631104
99631104
99631104
99631104
99631104
99631104
99631104
99631104
99631104
99631104
99631104
99631104
99631104
99631104
99631104
99631104
99631104
99631104
99631104
99631104
99631104
99631104
99631104
99631104
99631104
99631104
99631104
99631104
99631104
99631104
103682048
103682048
103682048
103682048
103682048
103682048
103682048
103682048
103682048
103682048
103682048
103682048
103682048
103682048
103682048
103682048
103682048
103682048
103682048
103682048
103682048
103682048
103682048
103682048
103682048
103682048
103682048
103682048
103682048
103682048
103682048
103682048
103682048
103682048
103682048
103682048
103682048
103682048
103682048
103682048
103682048
103682048
103682048
103682048
103682048
103682048
103682048
103682048
103682048
103682048
103682048
103682048
103682048
103682048
103682048
103682048
103682048
103682048
103682048
103682048
103682048
103682048
103682048
103682048
103682048
103682048
103682048
103682048
103682048
103682048
103682048
103682048
103682048
103682048
103682048
103682048
103682048
103682048
103682048
103682048
103682048
103682048
103682048
103682048
103682048
103682048
103682048
103682048
103682048
103682048
103682048
103682048
103682048
103682048
103682048
103682048
103682048
103682048
103682048
103682048
103682048
103682048
103682048
103682048
103682048
103682048
103682048
103682048
103682048
103682048
103682048
103682048
103682048
103682048
103682048
103682048
103682048
103682048
103682048
103682048
103682048
103682048
103682048
103682048
103682048
103682048
103682048
103682048
103682048
103682048
103682048
103682048
103682048
103682048
103682048
103682048
103682048
103682048
103682048
103682048
103682048
103682048
103682048
103682048
103682048
103682048
103682048
103682048
103682048
103682048
103682048
103682048
103682048
103682048
103682048
103682048
103682048
103682048
103682048
103682048
103682048
103682048
103682048
103682048
103682048
103682048
103682048
103682048
103682048
103682048
103682048
103682048
103682048
103682048
103682048
103682048
103682048
103682048
103682048
103682048
103682048
103682048
103682048
103682048
103682048
103682048
103682048
103682048
103682048
103682048
103682048
103682048
103682048
103682048
103682048
103682048
103682048
103682048
103682048
103682048
103682048
103682048
103682048
103682048
103682048
103682048
103682048
103952384
103952384
103952384
103952384
103952384
103952384
103952384
103952384
103952384
103952384
103952384
103952384
103952384
103952384
103952384
103952384
103952384
103952384
103952384
103952384
103952384
103952384
103952384
103952384
103952384
103952384
103952384
103952384
103952384
103952384
103952384
103952384
103952384
103952384
103952384
103952384
103952384
103952384
103952384
103952384
103952384
103952384
103952384
103952384
103952384
103952384
103952384
103952384
103952384
103952384
103952384
103952384
103952384
103952384
103952384
103952384
103952384
103952384
103952384
103952384
103952384
103952384
104222720
104222720
104222720
104222720
104222720
104222720
104222720
104222720
104222720
104222720
104222720
104222720
104222720
104222720
104222720
104222720
104222720
104222720
104222720
104222720
104222720
104222720
104222720
104222720
104222720
104222720
104222720
104222720
104222720
104222720
104222720
104222720
104222720
104222720
104222720
104222720
104222720
104222720
104222720
104222720
104222720
104222720
104222720
104222720
104222720
104222720
104222720
104222720
104222720
104222720
104222720
104222720
104222720
104222720
108711936
108711936
108711936
108711936
108711936
108711936
108711936
108711936
108711936
108711936
108711936
108711936
108711936
108711936
108711936
108711936
108711936
108711936
108711936
108711936
108711936
108711936
108711936
108711936
108711936
108711936
108711936
108711936
108711936
108711936
108711936
108711936
108711936
108711936
108711936
108711936
108711936
108711936
108711936
108711936
108711936
